POSTER_FORMAT
4
RECTANGLE:255,0,0,255:1.760000,0.640000,-0.640000,1.760000,306.000000,424.000000
IMAGE:360_F_543406590_9a0heP3AW4Kmj8YmhzfPgIYJJjYkYIYL.jpg:-0.490350,0.194397,-0.194397,-0.490350,1071.000000,227.000000
CIRCLE:255,200,0,255:1.000000,0.000000,0.000000,1.000000,1004.000000,512.000000
IMAGE:360_F_543406590_9a0heP3AW4Kmj8YmhzfPgIYJJjYkYIYL.jpg:0.205992,0.215875,-0.215875,0.205992,321.000000,79.000000
