POSTER_FORMAT
RECTANGLE:0,255,0:1.000000,0.000000,0.000000,1.000000,389.000000,221.000000
RECTANGLE:0,0,255:1.000000,0.000000,0.000000,1.000000,169.000000,547.000000
CIRCLE:255,0,255:1.000000,0.000000,0.000000,1.000000,647.000000,66.000000
